/* 1097 바둑알 십자 뒤집기
입력 : 바둑알이 깔려 있는 상황이 19 * 19 크기의 정수값으로 입력된다.
십자 뒤집기 횟수(n)가 입력된다.
십자 뒤집기 좌표가 횟수(n) 만큼 입력된다. 단, n은 10이하의 자연수이다.
출력 : 십자 뒤집기 결과를 출력한다.


입력 :
0 0 0 0 0 0 0 0 0 1 0 1 0 0 0 0 0 0 0
0 0 0 0 0 0 0 0 0 1 0 1 0 0 0 0 0 0 0
0 0 0 0 0 0 0 0 0 1 0 1 0 0 0 0 0 0 0
0 0 0 0 0 0 0 0 0 1 0 1 0 0 0 0 0 0 0
0 0 0 0 0 0 0 0 0 1 0 1 0 0 0 0 0 0 0
0 0 0 0 0 0 0 0 0 1 0 1 0 0 0 0 0 0 0
0 0 0 0 0 0 0 0 0 1 0 1 0 0 0 0 0 0 0
0 0 0 0 0 0 0 0 0 1 0 1 0 0 0 0 0 0 0
0 0 0 0 0 0 0 0 0 1 0 1 0 0 0 0 0 0 0
1 1 1 1 1 1 1 1 1 1 1 1 1 1 1 1 1 1 1
0 0 0 0 0 0 0 0 0 1 0 1 0 0 0 0 0 0 0
1 1 1 1 1 1 1 1 1 1 1 1 1 1 1 1 1 1 1
0 0 0 0 0 0 0 0 0 1 0 1 0 0 0 0 0 0 0
0 0 0 0 0 0 0 0 0 1 0 1 0 0 0 0 0 0 0
0 0 0 0 0 0 0 0 0 1 0 1 0 0 0 0 0 0 0
0 0 0 0 0 0 0 0 0 1 0 1 0 0 0 0 0 0 0
0 0 0 0 0 0 0 0 0 1 0 1 0 0 0 0 0 0 0
0 0 0 0 0 0 0 0 0 1 0 1 0 0 0 0 0 0 0
0 0 0 0 0 0 0 0 0 1 0 1 0 0 0 0 0 0 0
2
10 10
12 12


출력 : 
0 0 0 0 0 0 0 0 0 0 0 0 0 0 0 0 0 0 0
0 0 0 0 0 0 0 0 0 0 0 0 0 0 0 0 0 0 0
0 0 0 0 0 0 0 0 0 0 0 0 0 0 0 0 0 0 0
0 0 0 0 0 0 0 0 0 0 0 0 0 0 0 0 0 0 0
0 0 0 0 0 0 0 0 0 0 0 0 0 0 0 0 0 0 0
0 0 0 0 0 0 0 0 0 0 0 0 0 0 0 0 0 0 0
0 0 0 0 0 0 0 0 0 0 0 0 0 0 0 0 0 0 0
0 0 0 0 0 0 0 0 0 0 0 0 0 0 0 0 0 0 0
0 0 0 0 0 0 0 0 0 0 0 0 0 0 0 0 0 0 0
0 0 0 0 0 0 0 0 0 1 0 1 0 0 0 0 0 0 0
0 0 0 0 0 0 0 0 0 0 0 0 0 0 0 0 0 0 0
0 0 0 0 0 0 0 0 0 1 0 1 0 0 0 0 0 0 0
0 0 0 0 0 0 0 0 0 0 0 0 0 0 0 0 0 0 0
0 0 0 0 0 0 0 0 0 0 0 0 0 0 0 0 0 0 0
0 0 0 0 0 0 0 0 0 0 0 0 0 0 0 0 0 0 0
0 0 0 0 0 0 0 0 0 0 0 0 0 0 0 0 0 0 0
0 0 0 0 0 0 0 0 0 0 0 0 0 0 0 0 0 0 0
0 0 0 0 0 0 0 0 0 0 0 0 0 0 0 0 0 0 0
0 0 0 0 0 0 0 0 0 0 0 0 0 0 0 0 0 0 0
*/

import java.util.*;
import java.io.*;

public class Main{
	public static void main(String[] args) throws IOException {
		Scanner sc =new Scanner(System.in);
		int[][] arr = new int[19][19];
		
		for(int i = 0; i<arr.length; i++) { //들어오는 값 그대로 배열 생성함.
			for(int j = 0; j < arr.length; j++) {
				arr[i][j] = sc.nextInt();
			}
		}// 뒤집기 횟수
		int n = sc.nextInt();
		
		for(int i = 0; i < n; i++) { //뒤집기 횟수 만큼 반복
			
			int x = sc.nextInt();
			for(int j=0; j < arr.length; j++) { //받은 x 값 확인
				if(arr[x-1][j] == 0) {
					arr[x-1][j] = 1;
				} else {
					arr[x-1][j] = 0;
				}				
			}
			int y = sc.nextInt(); 
			for(int k=0; k<arr.length; k++) { //받은 y 값 확인
				if(arr[k][y-1] == 0) {
					arr[k][y-1] = 1;
				} else {
					arr[k][y-1] = 0;
				}
			}
		}
		// 해당 배열 출력하기
		for(int i = 0; i < arr.length; i++) {
			for(int j=0; j<arr.length; j++) {
				System.out.print(arr[i][j] + " ");
			}
			System.out.println();
		}
	}
}
